simple_rnn/simple_rnn_cell/kernel:0
(1, 80)
[[ 0.17330429 -0.14762059  0.185206   -0.22851779  0.16479433  0.22643836
  -0.00879335  0.25411126  0.08943625 -0.19506902 -0.01995358  0.06050517
  -0.21901546 -0.20993787  0.20257786  0.22322246 -0.13973139 -0.03344467
   0.12464522  0.1763768   0.18086901 -0.09392799  0.19105949 -0.00603836
   0.07542148 -0.11652967  0.22744267  0.00138816 -0.14562951  0.03905872
   0.18510161  0.01388432 -0.09976397 -0.22312286 -0.15052567 -0.07653264
  -0.0369963   0.09353215 -0.00514708  0.01888813  0.21887502 -0.08632173
  -0.22625566  0.18421146  0.05963251 -0.16370434 -0.15266414  0.13624021
   0.03332133  0.03127942 -0.20011029  0.10280843 -0.15887187 -0.08612557
   0.2423031  -0.19946407 -0.24644893  0.22918138  0.03945037 -0.05106672
  -0.17488803  0.13164759  0.19952057 -0.12874746  0.1872207   0.22309405
   0.05546662  0.08593229 -0.08844353 -0.10352655  0.10126927  0.22988416
   0.16964537 -0.0470471   0.16862187 -0.12387584 -0.23615232 -0.10553375
  -0.20206594 -0.20873418]]
simple_rnn/simple_rnn_cell/recurrent_kernel:0
(80, 80)
[[-0.24983394 -0.18727331 -0.06681573 ... -0.14061524 -0.07270624
   0.05845468]
 [ 0.02709822  0.07992313 -0.13985573 ... -0.20855637  0.05975514
   0.14849307]
 [ 0.01335513  0.20123988 -0.19078547 ...  0.17264618 -0.0069343
  -0.06042782]
 ...
 [-0.04234444  0.16374707 -0.01745118 ... -0.07689524  0.0052758
  -0.12932748]
 [-0.04861803 -0.00304405  0.18782881 ... -0.10586399  0.01587963
  -0.15140711]
 [ 0.10125871 -0.17267069  0.11001854 ... -0.06255092  0.07984796
  -0.08778438]]
simple_rnn/simple_rnn_cell/bias:0
(80,)
[-4.7364971e-03 -2.4441117e-03 -2.2842526e-02  1.1168336e-02
 -3.7062783e-03 -5.1452983e-03  2.9219703e-03  1.6620429e-03
 -9.6659013e-04  5.4245363e-03  5.6685959e-03 -3.0087775e-03
  5.0560728e-05  5.2775047e-03 -4.3086871e-03 -1.4355204e-02
 -1.4243433e-03 -8.6262627e-03 -3.8629421e-03 -9.0125995e-03
 -9.0149017e-03  4.8150909e-03  4.8251972e-03  1.1418371e-03
  2.6486588e-03  1.7754335e-04 -1.7580407e-02 -9.1027291e-03
  1.3293502e-02  6.3188206e-03 -1.0303938e-02 -3.5224098e-03
  2.8462622e-03  1.1589399e-02  1.0897100e-02  1.0625361e-03
  2.1451938e-03 -3.4663023e-03  2.2712927e-03 -8.8800647e-04
 -3.8420695e-03  7.5775303e-04  2.9775456e-03 -3.2107881e-03
 -1.6413744e-04  1.7561128e-02  5.2892353e-04 -4.6567013e-03
  5.2557574e-03  4.6767145e-03 -4.5568245e-03 -4.8643984e-03
  1.0771819e-02  3.4791206e-03 -7.1598934e-03  1.5859552e-02
  1.0365238e-02 -8.9411531e-03  1.9930613e-03  5.9560635e-03
  6.5131108e-03 -2.3657018e-03 -7.8925472e-03 -3.3226628e-03
 -5.5899317e-03 -1.2595814e-02  2.3794041e-03 -9.7680455e-03
 -1.6589256e-03  2.9371409e-03 -3.5305871e-03 -7.2034523e-03
 -2.2131139e-02 -4.6023862e-03  1.7026070e-03  7.1614794e-03
  6.4993096e-03  1.2366000e-03  1.1313378e-02 -2.7591467e-04]
simple_rnn_1/simple_rnn_cell_1/kernel:0
(80, 100)
[[-0.10568359 -0.05108222 -0.0120155  ...  0.18154904  0.09342568
   0.11695431]
 [ 0.00322763  0.03247241  0.01061092 ... -0.01869039 -0.09589386
   0.05707305]
 [-0.13160725  0.06693329 -0.08211814 ...  0.1196013  -0.0679192
   0.11177176]
 ...
 [ 0.03488816 -0.00801447 -0.06796089 ...  0.04264118  0.14708479
  -0.14310741]
 [ 0.05614604 -0.11197504  0.03145823 ...  0.01300532  0.16270508
  -0.13974245]
 [ 0.10093237 -0.11697619 -0.13138047 ...  0.09334321  0.11258887
  -0.17697394]]
simple_rnn_1/simple_rnn_cell_1/recurrent_kernel:0
(100, 100)
[[-0.13051145 -0.08702935  0.08866625 ... -0.04834031 -0.20323129
  -0.06463522]
 [-0.01365581 -0.01092775 -0.02987189 ...  0.11537916 -0.0230932
  -0.13979581]
 [ 0.0661431   0.07472461 -0.00588031 ... -0.10554308 -0.09118024
  -0.05516805]
 ...
 [ 0.11701594 -0.05145597  0.03034136 ...  0.06079154 -0.01423441
  -0.03275279]
 [ 0.11704946  0.06631013  0.04316736 ...  0.09670811 -0.04645508
  -0.07453667]
 [-0.04330372 -0.14124233  0.10975018 ... -0.00200591 -0.1096895
  -0.00715673]]
simple_rnn_1/simple_rnn_cell_1/bias:0
(100,)
[-3.30535602e-03  6.87523279e-03 -3.95920500e-03  4.29198705e-03
 -1.19516393e-03 -6.93074567e-03 -1.98041252e-03  1.78521918e-03
 -2.44969502e-03 -6.60922891e-03 -5.63737052e-03 -4.00103349e-03
  5.46432333e-03  8.29164055e-04 -1.35984051e-03 -1.14406890e-03
  3.75789776e-03 -6.11996185e-03 -5.28535293e-03 -3.38826468e-03
  2.35601939e-04 -1.64667424e-03 -1.77099137e-03 -2.54529808e-03
  7.10175882e-05 -1.02926126e-04  2.97164661e-03  2.89995340e-04
  3.17172986e-03  3.60285514e-03 -3.29872360e-03  7.22322660e-03
 -3.46639589e-03  2.16179667e-03  3.30387731e-04  3.12104216e-03
 -8.09272192e-03  6.35318086e-03  3.62894777e-03  4.15008608e-03
 -1.37910916e-04  1.24917282e-02 -4.38428763e-03 -3.38346255e-03
 -4.13831649e-03 -3.96079058e-03  1.47943506e-02  2.02923478e-03
  3.53594450e-03  1.99356815e-03  6.25380315e-03  1.03896379e-03
 -7.45619531e-04  1.04342634e-03 -2.95499078e-04 -9.53300856e-03
 -2.97010597e-03 -7.64384284e-04 -1.27065566e-03  1.90452498e-03
  8.82252119e-03 -5.77060040e-03  9.44119971e-03 -3.65999807e-03
 -5.06142387e-03  3.22767510e-03  2.48230388e-03 -4.74544987e-03
  4.53882676e-04 -5.09214262e-03  3.29447887e-03 -5.68015501e-03
 -1.05106095e-02  2.54836632e-03  2.45585432e-03  2.28120061e-03
 -2.71583442e-03  5.68112219e-03 -5.09727094e-03 -2.46317033e-03
  5.81608759e-03  7.46663194e-03  2.38613691e-03  7.03138812e-03
 -2.90307868e-03 -3.67281353e-03  6.67984888e-04  2.96672271e-03
 -1.65576823e-02  1.13778596e-03  2.00874498e-03  3.84393195e-03
  2.19622487e-03  1.33298105e-04 -2.95333681e-03  6.47662731e-04
 -1.52225210e-03 -2.33609811e-03 -1.35815106e-02  7.10109994e-03]
dense/kernel:0
(100, 1)
[[-0.180266  ]
 [ 0.11563091]
 [-0.1542518 ]
 [-0.02569943]
 [-0.10843429]
 [ 0.01749504]
 [-0.1430703 ]
 [-0.22301319]
 [-0.08824836]
 [-0.09957384]
 [-0.15033343]
 [ 0.05563713]
 [ 0.09480201]
 [-0.09410253]
 [ 0.01065567]
 [-0.12650952]
 [ 0.15246835]
 [-0.20322196]
 [-0.14676288]
 [-0.20556016]
 [ 0.159359  ]
 [-0.15634519]
 [-0.1512096 ]
 [ 0.18008715]
 [ 0.0664838 ]
 [ 0.1608641 ]
 [ 0.20346345]
 [-0.16638754]
 [ 0.17893386]
 [ 0.17911208]
 [-0.18643007]
 [ 0.13886136]
 [ 0.04227196]
 [ 0.17396486]
 [ 0.20331664]
 [ 0.12346745]
 [-0.15992066]
 [ 0.03528406]
 [ 0.13669316]
 [ 0.21184486]
 [ 0.11440177]
 [ 0.20429888]
 [-0.18160626]
 [-0.07527126]
 [-0.1760542 ]
 [-0.21716328]
 [ 0.08622713]
 [-0.02964467]
 [ 0.0959174 ]
 [-0.16065097]
 [ 0.17476623]
 [ 0.08348855]
 [-0.18568262]
 [ 0.09809234]
 [ 0.19230932]
 [-0.04695446]
 [-0.17770538]
 [ 0.01185332]
 [ 0.00639305]
 [ 0.17627169]
 [ 0.03544936]
 [-0.00682453]
 [-0.04963364]
 [-0.14591   ]
 [-0.1488426 ]
 [ 0.17290759]
 [-0.09468678]
 [-0.19032352]
 [-0.00051308]
 [-0.15426776]
 [ 0.10558677]
 [-0.19355074]
 [-0.20241421]
 [ 0.11596088]
 [ 0.03699037]
 [ 0.16865458]
 [-0.12239081]
 [ 0.22552437]
 [-0.05558824]
 [ 0.18146506]
 [ 0.08419155]
 [-0.07924948]
 [ 0.11201821]
 [ 0.07891237]
 [-0.14590728]
 [-0.20073691]
 [-0.20553675]
 [-0.06190126]
 [-0.10901725]
 [ 0.1913053 ]
 [-0.0404443 ]
 [ 0.20870554]
 [ 0.20077325]
 [-0.2127136 ]
 [-0.2254575 ]
 [-0.06340138]
 [ 0.03324917]
 [-0.01532561]
 [-0.0871047 ]
 [ 0.17880987]]
dense/bias:0
(1,)
[0.01173068]
